181 216 203 148 75 18 3 35 100 168 205 199 151 87 33 13 38 91 153 191 192 153 97 48 26 43 87 140 178 184 155 106 58 35 45 82 131 166 177 156 114 71 46 51 81 123 154 164 151 119 81 61 61 82 115 142 153 144 119 92 72 68 82 146 181
122 133 142 151 161 168 176 181 187 192 194 196 198 200 200 199 197 194 190 187 182 175 172 166 160 151 145 140 135 129 121 116 109 103 102 99 93 90 87 86 83 84 82 83 81 81 81 81 84 85 85 88 89 94 93 95 99 101 103 104 107 105 107 116 122
128 144 158 172 185 195 203 27 235 216 216 217 215 211 208 203 197 190 185 179 175 169 166 162 160 158 157 156 154 155 154 152 151 148 147 142 140 136 129 126 119 115 108 102 96 91 85 81 78 76 74 73 73 74 75 76 79 82 86 88 94 98 104 119 128
150 182 210 225 233 233 226 216 207 196 186 175 163 153 138 124 111 103 93 88 88 90 99 104 107 111 119 125 135 146 157 168 181 187 191 190 180 170 156 144 133 123 115 109 107 101 96 90 87 83 80 83 86 92 98 102 107 110 113 112 111 110 108 131 150
179 208 191 131 66 32 46 98 164 206 206 166 110 71 66 96 144 185 194 175 140 106 94 105 133 157 168 160 142 126 117 118 127 137 140 139 131 125 122 125 125 126 122 118 118 117 119 122 121 120 115 110 107 108 111 116 117 114 112 108 104 103 105 145 179
122 134 143 153 162 170 178 183 189 194 196 196 196 195 192 189 184 178 172 165 158 151 145 138 132 125 120 117 113 111 109 108 109 110 114 117 121 127 132 140 145 153 159 167 173 180 185 189 192 194 195 195 194 190 185 181 173 166 158 148 139 127 117 116 122
127 144 157 168 177 183 185 183 178 172 161 150 140 128 117 108 102 98 97 100 107 115 128 140 155 170 184 197 207 215 220 222 219 213 205 194 180 166 150 138 123 113 104 98 95 97 102 108 117 129 140 151 162 171 177 181 182 179 173 164 153 138 122 119 127
137 161 177 189 189 183 170 153 133 114 97 84 80 83 93 108 129 150 172 192 207 215 219 214 204 188 171 151 134 121 111 108 113 121 136 153 172 191 203 210 213 208 197 182 163 142 124 108 98 92 93 100 111 124 137 149 161 165 167 162 153 140 123 124 137
143 171 186 188 176 154 128 101 81 73 74 88 114 143 173 198 211 212 204 187 163 139 119 106 105 114 132 154 180 202 215 220 212 198 176 150 129 116 107 114 125 146 166 184 196 201 193 178 156 135 113 100 93 94 101 116 132 145 155 158 153 142 125 127 143
126 138 147 154 158 159 159 158 157 159 164 170 178 188 198 203 207 207 205 200 192 183 175 169 165 162 162 163 164 165 163 159 152 142 132 120 107 98 91 87 87 89 92 95 96 95 92 88 81 75 68 65 63 64 69 77 85 95 104 109 113 113 111 118 126
128 141 154 159 160 159 158 156 155 158 159 161 161 157 149 139 124 110 98 88 84 84 88 94 102 108 111 113 115 117 121 128 140 152 167 180 190 194 193 189 179 171 161 154 148 145 141 138 130 121 107 92 79 69 62 61 66 72 82 92 100 104 107 119 128
139 160 173 177 174 165 156 148 142 139 133 122 108 92 77 68 68 78 97 123 148 169 184 191 191 189 187 186 184 181 173 159 140 117 96 80 73 77 91 109 129 145 158 164 168 170 175 181 185 186 179 164 140 113 86 67 55 53 61 73 84 95 103 125 139
138 159 167 164 152 139 126 115 108 100 93 85 82 86 100 123 150 175 190 192 182 162 141 124 114 108 106 103 103 105 114 128 149 173 190 199 193 173 147 124 105 95 94 97 102 107 113 122 135 153 167 179 179 165 141 114 87 70 66 70 78 90 100 127 138
149 180 204 219 226 227 223 216 211 206 203 201 200 201 198 197 195 192 185 182 173 169 165 162 157 153 152 146 142 139 135 135 137 139 140 144 143 143 140 139 136 135 133 130 130 127 121 117 112 109 109 108 107 106 105 104 104 104 107 107 111 108 109 131 149
148 179 197 203 203 198 197 199 203 208 211 215 215 212 212 204 203 197 192 192 189 191 196 194 194 192 190 190 187 187 184 182 175 168 161 153 153 155 155 156 158 158 153 153 151 146 146 142 136 132 125 123 121 121 122 122 120 119 117 113 109 107 105 130 148
160 197 222 231 233 230 219 204 189 181 174 175 169 167 162 158 150 148 141 138 133 132 133 132 128 115 107 93 85 79 77 80 86 94 102 111 115 121 124 124 122 122 121 125 128 123 114 105 97 91 89 87 84 86 91 98 102 105 108 109 114 116 113 136 160
156 191 212 215 204 181 156 134 119 117 120 133 140 147 151 148 142 136 130 130 133 140 148 156 161 160 153 140 125 110 100 99 103 113 125 134 138 134 125 112 98 86 84 90 101 118 138 154 164 167 164 153 139 120 103 94 88 85 88 93 97 101 106 133 156
117 124 129 136 140 145 149 154 159 165 169 171 175 178 182 184 186 186 188 189 191 191 193 192 193 193 194 194 193 194 193 193 194 193 193 193 192 192 191 192 190 190 188 187 185 185 183 181 178 175 171 168 165 160 154 150 145 140 136 130 125 118 111 115 117
152 184 198 201 194 185 184 185 184 185 182 181 177 177 178 177 180 185 190 194 203 200 201 198 197 195 194 191 187 181 176 176 181 183 184 188 192 197 199 200 197 199 193 192 187 183 181 174 171 175 179 179 179 174 172 175 185 195 201 196 180 158 133 132 152
155 174 170 166 168 169 166 167 169 174 169 168 168 172 171 169 168 167 167 164 169 171 169 167 166 167 167 167 168 173 171 168 171 171 168 165 165 167 165 166 166 170 167 164 165 168 167 167 168 168 167 167 167 170 167 163 164 167 166 161 163 168 149 133 155
143 171 193 210 219 223 221 213 203 186 169 147 126 106 90 75 64 61 58 59 63 70 76 81 93 99 106 110 113 110 109 105 102 98 94 92 90 88 90 93 100 107 113 121 129 135 138 140 140 139 138 134 127 119 113 107 103 101 103 105 106 106 109 126 143
199 230 220 213 221 219 211 208 213 219 213 207 206 205 201 197 199 194 191 185 187 186 186 185 184 180 174 171 172 177 172 169 169 166 159 161 155 157 152 148 149 150 145 146 143 144 136 136 136 133 131 131 129 123 121 119 120 121 121 117 116 113 109 155 199
121 130 134 137 135 134 134 136 142 152 161 169 175 179 179 177 174 173 176 180 189 196 203 205 205 202 199 195 193 194 198 203 208 210 210 207 201 194 188 185 184 188 189 192 191 189 182 174 164 157 153 152 153 154 153 151 145 136 128 118 112 106 105 116 121
127 139 145 148 152 154 160 170 181 193 201 204 203 200 196 193 195 199 203 203 200 190 179 167 156 151 148 145 141 134 121 106 90 77 71 68 64 62 56 46 35 23 15 12 14 16 21 23 21 17 14 14 16 26 37 49 60 65 69 71 75 82 95 119 127
132 147 157 162 167 172 184 196 207 212 209 201 189 181 175 174 169 160 144 125 103 86 77 71 64 56 43 29 15 8 8 14 21 28 31 31 32 40 54 75 93 111 122 130 135 145 159 177 192 202 204 202 196 192 192 195 194 190 177 159 139 123 114 121 132
138 154 166 173 178 188 201 209 210 200 182 165 151 140 131 116 92 69 45 30 27 26 24 20 14 14 22 39 62 83 98 110 123 137 158 181 196 203 203 196 191 190 188 183 167 143 119 96 80 73 63 48 32 14 5 7 16 30 40 45 52 66 84 124 138
119 127 134 140 145 153 159 165 171 177 183 187 192 196 201 203 206 206 208 209 211 211 212 212 212 210 209 207 206 203 201 198 195 192 189 186 182 178 174 170 167 163 158 155 151 150 146 143 140 137 134 132 129 126 123 121 119 117 116 115 113 110 108 115 119
132 149 164 179 191 198 203 204 205 204 201 199 192 190 184 179 174 168 163 159 152 148 143 141 139 134 133 132 131 128 124 123 120 119 119 118 115 116 114 116 117 119 117 119 118 117 118 117 114 118 117 115 116 116 114 116 114 112 113 112 111 108 110 122 132
169 206 221 214 202 189 187 183 178 156 123 87 51 33 31 44 68 84 92 92 85 86 90 103 118 125 127 115 104 93 96 103 115 128 137 137 133 127 122 122 123 122 123 116 105 94 84 81 84 89 94 101 102 103 102 106 107 107 110 112 115 117 113 141 169
176 209 205 178 148 132 139 153 175 188 180 154 116 83 65 57 68 81 93 100 98 94 91 92 103 106 115 119 124 123 120 115 113 111 107 104 101 103 108 115 123 127 129 126 123 121 122 123 123 122 126 128 119 112 103 101 102 102 105 106 111 115 113 142 176
174 213 217 196 161 120 93 84 91 116 142 170 182 181 168 147 124 107 99 100 105 114 119 125 123 117 106 99 90 89 89 95 96 96 96 93 94 91 92 96 103 106 107 110 109 103 102 101 98 102 112 117 115 113 111 109 106 106 105 109 112 116 113 144 174
140 166 187 198 203 201 187 167 145 122 101 85 75 72 77 84 101 118 136 154 169 180 182 180 171 159 145 127 109 94 81 73 67 65 66 71 76 82 86 93 98 101 102 101 98 95 92 87 83 81 78 77 77 77 78 81 86 89 92 96 99 103 106 126 140
128 141 157 167 176 182 184 184 179 172 164 153 141 129 118 107 97 91 85 83 85 87 94 102 113 124 135 145 155 166 174 180 183 183 184 181 175 170 161 154 145 139 131 125 118 115 113 111 110 113 112 116 117 120 122 123 123 124 123 121 120 115 112 120 128
118 126 134 140 148 153 159 163 167 169 172 172 171 172 170 167 163 159 153 148 143 138 134 127 122 116 112 109 105 103 102 101 100 100 102 104 105 110 113 118 122 127 131 137 140 144 148 152 154 156 157 158 156 156 153 151 146 143 139 133 126 120 113 114 118
180 207 203 191 194 199 202 200 203 211 216 211 199 190 184 177 170 164 163 164 155 146 140 139 133 129 128 122 124 119 111 105 106 101 97 98 96 98 95 93 94 100 101 105 105 108 114 113 112 112 113 119 117 119 118 118 113 116 116 112 117 109 110 145 180
167 207 220 210 190 165 153 147 153 161 159 147 130 106 91 83 88 99 107 114 118 120 127 136 146 157 156 150 140 124 110 97 90 87 82 77 74 73 76 83 96 106 113 117 117 118 118 118 118 117 109 100 84 73 65 62 65 71 77 85 93 97 103 138 167
53 64 216 144 148 143 102 81 108 126 110 103 129 140 107 66 77 106 125 132 148 169 157 127 125 142 136 77 26 33 99 157 160 126 121 162 178 141 86 77 108 134 135 140 150 131 80 63 93 129 131 122 125 140 139 134 146 138 83 24 42 124 156 85 53
122 132 140 150 156 165 173 177 184 188 192 195 199 200 203 204 205 203 205 204 204 203 205 203 203 199 198 196 192 190 187 183 180 177 174 170 168 165 162 161 159 159 156 156 154 156 153 153 150 150 146 144 142 140 137 134 129 127 125 121 118 113 110 117 122
155 189 200 195 187 176 171 175 182 187 191 190 188 187 187 191 197 200 203 198 189 176 172 162 160 153 145 134 119 107 100 99 102 105 105 105 98 96 91 84 81 77 76 77 79 80 80 78 82 87 95 102 110 112 109 106 101 98 97 97 97 98 102 132 155
202 226 199 191 203 200 174 158 162 162 141 130 125 105 71 46 59 88 105 114 116 127 144 160 166 153 147 150 145 127 102 90 91 73 58 51 64 69 66 68 93 112 125 125 122 119 122 126 123 124 119 109 88 67 61 66 59 50 63 87 98 93 92 155 202
187 163 151 154 124 122 117 115 134 137 103 101 117 118 102 108 85 77 118 106 102 135 117 115 94 139 128 127 113 128 132 108 76 99 81 72 125 115 84 115 89 76 132 147 117 112 120 108 94 107 94 140 112 79 101 115 102 99 102 94 99 88 87 148 187
123 134 144 153 164 172 179 186 191 195 198 201 203 202 202 202 201 199 198 196 194 194 192 190 192 191 193 194 194 197 199 199 201 202 203 203 203 203 201 199 195 192 186 182 175 169 160 155 148 142 136 130 124 120 115 112 110 107 106 105 105 105 106 118 123
130 148 164 179 192 203 210 214 217 217 215 209 203 198 191 183 173 167 160 154 148 143 140 136 132 129 127 124 120 116 111 107 102 97 92 86 80 76 73 70 68 67 66 67 69 71 75 77 82 86 90 95 100 103 106 109 110 112 113 112 113 110 109 121 130
131 148 164 178 188 193 198 196 194 190 183 176 167 161 156 151 149 150 152 156 162 167 173 180 186 190 195 196 199 199 199 199 198 198 199 198 201 202 202 204 204 207 204 203 201 197 191 185 176 168 159 149 140 132 124 117 112 108 105 104 103 104 105 122 131
140 166 188 204 216 222 223 218 211 203 195 186 180 175 175 174 174 176 176 175 172 165 158 148 137 125 116 107 100 95 92 91 92 95 96 97 96 93 89 86 79 74 67 63 60 60 62 65 72 78 85 94 102 108 112 117 118 119 120 118 117 113 110 126 140
147 177 201 213 214 209 198 185 174 167 164 164 171 176 182 185 184 181 178 173 169 168 170 169 175 179 183 186 190 190 187 185 182 180 178 177 179 182 185 191 195 200 200 202 199 193 184 178 167 158 147 139 129 123 116 111 109 103 102 100 100 100 105 129 147
158 193 219 228 225 214 203 194 190 193 199 205 209 209 205 202 196 195 195 198 204 203 201 194 183 171 157 146 140 138 137 137 139 137 136 133 126 121 113 105 97 91 84 79 79 80 83 91 98 107 113 121 126 131 134 137 136 136 133 130 127 121 113 135 158
161 196 216 219 208 197 186 183 184 186 184 177 174 171 172 177 184 189 189 183 174 166 163 161 167 174 179 185 190 191 186 183 177 173 170 170 174 180 187 195 200 203 199 199 195 189 186 182 175 165 155 142 132 124 117 112 110 106 105 105 103 103 105 136 161
175 210 225 223 215 211 210 211 209 203 203 207 208 210 209 204 199 198 203 208 211 209 208 201 191 178 162 154 156 159 165 167 167 163 153 149 140 134 126 118 108 104 98 98 100 106 116 121 124 123 121 122 127 130 134 133 133 134 133 128 125 118 113 143 175
170 205 215 213 208 203 203 202 196 195 198 198 193 185 179 184 191 193 187 173 161 152 155 158 162 162 165 165 164 161 151 143 137 128 126 129 137 149 159 164 168 167 167 165 164 158 154 149 142 131 120 107 102 104 105 103 103 103 107 108 109 111 110 140 170
172 208 223 222 215 209 207 209 209 203 202 203 203 205 204 201 194 193 198 204 211 212 212 203 195 184 171 161 160 161 165 169 171 165 155 151 140 136 130 121 108 102 97 97 100 105 114 116 121 122 122 122 125 125 130 130 129 128 125 120 120 117 113 142 172
171 208 222 221 218 213 210 210 202 201 201 196 189 184 180 184 191 186 174 159 151 147 157 159 161 159 157 154 148 138 124 116 110 110 114 119 125 133 139 144 140 141 139 136 135 131 125 121 116 106 102 100 101 102 105 103 104 108 113 113 107 107 107 141 171
174 213 227 225 218 211 209 206 204 199 200 203 204 204 201 194 190 193 202 208 211 211 206 200 192 187 183 184 192 199 203 203 200 197 190 188 181 171 159 150 143 140 140 142 141 144 147 149 144 139 134 134 134 132 130 124 120 119 116 111 111 106 106 143 174
173 211 227 226 222 214 211 209 201 201 202 199 192 187 183 188 193 187 174 158 150 147 156 159 159 156 153 150 144 135 123 116 111 111 116 119 123 129 135 140 138 141 140 140 140 136 128 125 117 105 101 98 100 103 106 106 108 111 115 114 108 107 107 142 173
173 207 221 217 210 207 206 202 194 189 191 194 197 193 186 183 185 193 203 206 210 203 195 188 182 183 185 198 207 216 218 214 211 210 203 197 186 177 167 161 157 160 161 164 166 166 164 159 154 150 148 143 138 130 123 120 111 108 101 98 98 101 104 142 173
173 211 225 225 216 213 207 206 199 195 195 188 182 180 178 183 183 173 156 142 136 137 140 139 135 128 122 115 104 93 80 76 78 83 86 87 87 90 92 91 86 84 82 80 80 76 75 73 77 77 79 82 90 96 104 108 107 106 107 106 106 110 110 142 173
130 144 160 174 189 200 209 217 223 228 230 229 228 224 220 213 205 200 191 183 175 165 160 152 146 140 137 135 132 133 132 132 133 133 136 137 137 140 139 140 139 140 137 137 134 130 126 123 119 115 112 108 106 104 102 99 100 99 100 100 102 104 106 121 130
136 159 179 197 211 220 226 227 225 221 214 203 192 182 171 162 153 147 143 142 142 142 147 148 152 155 158 158 158 157 154 151 146 140 137 133 127 123 121 121 120 121 122 123 126 126 126 125 126 123 121 117 115 111 107 103 102 100 100 100 101 101 104 124 136
141 169 194 212 227 238 242 238 226 217 204 191 178 167 157 150 147 145 145 149 153 156 160 161 161 159 157 151 146 141 136 132 128 125 125 126 126 128 130 134 134 134 133 131 128 124 118 115 112 108 107 104 107 108 109 111 114 115 116 117 114 112 109 127 141
150 184 212 232 246 244 238 219 203 187 170 159 152 149 151 157 161 166 170 171 169 165 159 152 146 140 138 136 137 140 140 140 141 140 137 133 130 125 121 120 117 119 121 123 125 125 125 124 124 118 116 110 109 109 107 109 110 112 115 116 114 111 111 131 150
158 197 221 232 232 218 200 179 165 154 150 153 155 160 162 162 161 156 153 150 148 151 151 153 153 150 146 142 136 135 132 133 133 138 139 136 134 130 126 125 124 123 126 125 127 125 123 120 115 111 112 111 112 115 116 115 115 114 111 106 105 104 105 134 158
180 217 222 204 188 172 169 165 159 155 161 162 160 157 152 152 155 156 153 149 146 145 146 148 143 142 140 138 140 138 137 137 139 135 131 129 124 129 125 125 122 121 122 124 120 122 123 123 120 117 113 111 110 112 112 114 110 111 111 107 108 107 109 145 180
150 172 171 160 153 152 155 148 139 132 129 133 134 135 129 127 127 128 123 120 119 122 125 121 120 120 121 117 121 119 115 115 118 120 114 116 112 115 110 111 109 110 111 112 113 111 114 113 112 109 107 106 107 109 108 108 105 108 107 105 110 108 106 130 150
125 137 148 158 169 178 187 195 202 206 211 214 215 215 215 213 210 206 202 197 191 185 178 171 165 158 152 146 141 138 134 130 129 127 126 127 127 129 131 134 136 140 142 146 149 153 155 158 159 160 162 161 160 157 155 152 148 143 140 133 128 120 114 119 125
