0 1 2 5 8 12 17 22 28 35 42 49 57 65 73 81 89 97 105 112 119 126 133 139 144 149 154 158 161 164 166 167 168 169 168 167 166 164 162 159 156 153 150 146 142 138 134 130 125 121 118 114 110 107 104 101 99 97 95 94 93 92 91 91 91 92 92 93 94 95 97 98 100 101 103 104 106 107 108 109 115 128 144 161 178 193 207 218 228 236 243 249 253 255 255 255 254 251 247 241 235 227 219 210 200 189 178 167 155 143 131 119 107 95 84 73 63 53 44 36 28 21 15 10 6 3 1 0 0
11 17 23 30 37 46 54 63 73 82 91 101 110 119 128 136 143 151 157 163 168 172 175 178 180 181 181 181 179 177 175 172 168 164 159 154 149 144 138 133 127 122 117 112 107 103 99 95 92 89 86 85 83 82 82 82 82 82 84 85 86 88 90 92 94 97 99 101 103 105 106 108 109 110 111 111 112 111 111 111 115 125 141 159 177 194 209 221 232 240 247 252 255 255 255 254 250 245 239 231 222 212 201 190 178 165 152 138 125 112 99 86 74 62 52 42 33 25 18 12 7 4 1 0 0 1 4 7 11
84 90 95 99 100 101 102 101 100 100 99 98 100 101 103 106 109 113 117 119 124 128 131 135 138 141 145 149 152 154 156 157 158 157 156 155 155 155 155 156 159 163 169 176 183 192 203 212 221 230 238 244 249 254 255 255 255 249 238 225 213 197 175 154 135 117 96 77 61 48 36 29 24 20 21 24 29 36 45 53 63 76 89 99 109 124 140 153 162 173 186 198 208 216 224 229 233 236 235 230 224 215 202 187 170 149 130 111 92 69 50 37 24 11 3 0 1 0 4 9 15 22 31 40 48 58 68 77 84
218 210 199 187 173 157 142 126 111 96 83 71 61 53 48 45 44 46 49 55 63 72 82 94 106 117 129 140 151 160 168 174 178 181 182 182 180 176 171 165 158 150 142 134 126 118 111 105 100 96 93 91 90 90 92 94 97 101 105 109 114 118 122 126 129 132 134 136 137 137 137 136 135 134 132 130 129 127 126 125 125 127 137 157 181 205 226 241 251 255 255 250 240 227 210 191 170 148 125 103 82 62 44 28 16 7 2 0 2 7 16 27 41 58 76 94 114 133 152 169 185 199 211 219 225 228 228 224 218
103 112 116 122 127 128 125 124 121 115 110 108 101 94 92 92 90 87 89 94 95 97 101 105 107 110 113 113 113 114 115 113 111 110 110 107 104 103 102 99 97 96 92 87 84 79 71 64 57 50 43 37 35 32 30 29 31 32 32 33 35 35 35 35 35 32 30 28 25 21 18 17 13 9 7 5 0 2 10 19 24 38 62 85 101 125 155 176 193 217 235 239 244 255 254 239 231 226 210 189 177 164 145 129 120 106 90 81 75 65 52 44 39 32 24 18 15 13 14 16 19 26 34 44 57 68 78 90 103
152 142 126 111 98 81 60 43 35 26 17 12 16 22 28 36 47 61 74 83 94 107 117 126 133 141 147 152 154 155 155 153 146 137 126 116 103 87 73 62 51 41 33 30 30 28 29 33 38 42 46 50 55 59 62 64 66 67 68 66 62 59 56 50 42 35 31 25 16 11 10 7 2 0 3 4 3 6 10 16 24 42 61 80 98 127 162 187 201 225 250 255 249 244 238 222 194 166 143 119 95 68 48 37 31 22 16 20 27 29 33 41 49 54 61 70 76 83 94 106 115 124 136 147 154 156 156 156 152
194 167 137 107 80 59 45 41 45 58 78 103 129 155 179 196 207 211 206 194 177 155 132 110 91 76 67 65 70 80 95 113 133 151 167 178 185 186 182 173 160 146 130 116 103 95 90 90 93 101 111 122 134 144 153 159 162 162 158 153 146 138 130 123 118 115 114 114 117 120 125 129 133 136 138 138 138 137 135 134 132 132 135 152 182 211 228 229 215 186 149 109 69 36 12 1 2 17 43 77 117 157 195 226 247 255 253 238 213 180 143 106 71 44 25 18 22 36 60 90 124 158 188 213 228 234 230 216 194
203 176 142 102 67 39 25 27 36 53 66 82 96 114 126 132 135 132 130 130 140 152 168 181 189 193 189 182 167 148 126 97 74 55 48 49 59 73 88 106 120 136 146 156 158 156 152 148 150 151 157 160 162 161 157 152 141 130 116 100 84 72 69 70 80 90 106 120 134 146 156 164 164 163 157 152 146 144 142 140 142 138 137 132 128 121 112 104 96 92 88 91 97 106 118 128 140 149 158 160 162 160 154 148 140 136 132 128 128 126 124 122 122 116 128 130 128 118 114 120 136 165 192 217 231 235 231 221 203
120 128 132 134 134 126 118 100 88 74 70 72 80 98 116 134 146 158 154 149 138 128 122 118 126 134 152 164 176 180 176 166 150 138 122 114 107 108 112 118 128 128 132 128 124 114 106 98 94 98 100 110 118 128 136 144 148 147 146 140 138 132 132 132 135 139 142 148 146 144 128 114 94 84 86 104 134 172 212 238 248 234 202 160 118 86 66 74 96 130 160 184 186 170 138 94 56 20 9 12 35 66 100 128 144 150 140 128 112 98 92 96 112 128 146 165 186 192 196 190 181 166 148 136 124 118 112 116 120
181 208 222 221 204 176 141 104 73 52 43 49 68 96 129 161 186 202 205 196 176 149 120 93 73 63 63 75 94 119 144 166 181 187 183 171 152 131 110 93 82 80 86 98 115 133 150 162 168 168 161 149 135 121 109 101 99 101 107 117 128 137 145 149 150 147 141 135 128 122 118 117 118 120 124 127 130 132 132 132 130 129 133 153 184 205 204 180 138 89 44 12 0 9 39 83 135 186 227 251 255 238 204 158 107 61 27 10 13 34 71 117 164 204 231 241 233 207 170 126 84 50 30 26 39 67 104 144 181
238 238 249 249 238 194 150 143 120 35 0 79 131 100 104 158 188 183 201 231 245 229 191 148 117 115 117 83 54 73 99 86 92 145 185 194 200 210 209 203 194 171 143 128 117 95 74 85 107 112 117 144 171 182 195 205 200 188 175 151 126 108 81 59 70 77 75 93 114 126 147 158 164 169 160 142 131 124 112 96 89 92 99 108 116 126 137 140 139 144 149 144 137 130 129 130 131 135 139 146 149 149 154 158 162 163 159 162 167 168 175 180 188 197 209 219 213 227 240 234 251 251 252 255 238 234 240 241 238
110 128 148 164 167 162 148 136 128 130 142 154 164 162 152 130 116 106 110 122 132 140 132 120 99 90 90 104 122 132 134 126 114 104 106 118 134 148 152 150 138 130 126 130 140 150 156 152 140 118 92 72 82 122 176 219 219 180 119 76 76 128 198 246 246 186 112 56 53 96 158 198 190 140 74 31 23 56 100 134 136 118 84 57 52 64 94 120 141 148 146 134 120 114 115 134 158 186 195 184 156 126 110 114 140 168 184 172 138 100 73 75 96 128 142 148 128 98 70 65 81 109 134 146 142 126 110 102 110
120 152 206 230 222 174 128 96 104 130 164 170 151 116 82 68 70 88 100 106 94 80 58 52 44 54 64 82 88 91 76 62 50 58 78 104 124 124 110 88 82 91 124 151 172 164 148 128 124 130 160 184 198 188 170 152 146 154 170 186 188 180 160 150 138 144 148 160 158 158 142 132 116 114 114 124 128 128 120 104 90 82 90 100 114 114 110 90 82 78 92 104 122 122 118 104 98 98 112 126 134 138 132 128 122 128 130 142 150 150 136 122 104 116 140 188 216 214 174 134 114 138 190 234 246 212 160 118 120
168 100 47 35 69 131 189 216 200 148 88 49 50 88 145 192 206 182 132 82 56 66 106 155 190 193 165 119 80 65 81 120 160 184 179 150 111 82 77 96 130 161 175 165 137 107 88 90 109 137 158 164 152 129 107 97 102 119 139 152 152 141 124 111 108 114 126 137 143 141 133 124 119 119 123 128 132 132 130 128 127 128 134 155 160 121 58 19 37 107 193 250 246 183 92 19 0 44 129 213 254 232 160 72 14 12 67 151 222 246 211 136 58 16 29 91 169 226 233 189 116 50 24 49 112 182 223 217 168
100 115 111 129 127 103 123 150 130 110 138 144 124 135 141 129 140 136 130 142 121 121 142 121 119 126 115 124 122 114 129 122 108 134 144 111 116 149 142 123 139 142 150 151 129 187 164 103 193 212 131 151 209 187 179 195 207 221 225 225 228 209 206 198 177 187 158 96 111 130 66 33 57 40 10 10 24 18 0 25 56 48 56 90 110 123 142 153 184 210 200 212 248 248 231 237 251 234 200 211 215 154 126 163 135 72 77 70 51 53 33 28 32 32 43 54 72 76 51 69 130 91 29 120 138 56 104 121 100
122 123 87 45 30 35 35 30 28 23 15 22 52 82 95 92 86 89 104 117 111 86 61 51 49 48 55 62 45 45 90 108 104 119 117 103 111 112 97 85 63 47 53 57 47 44 52 63 72 79 82 80 72 60 55 56 50 33 23 25 32 37 35 32 41 51 47 43 46 42 35 32 22 18 22 14 8 13 17 11 7 0 5 22 59 124 191 208 116 57 150 255 199 69 21 51 66 52 43 46 36 20 44 98 141 157 145 109 100 145 180 135 56 21 36 44 31 24 26 21 19 48 91 117 116 101 89 100 122
76 178 180 106 62 144 216 120 36 110 214 162 65 84 174 189 72 74 151 222 98 59 132 194 128 68 138 172 146 74 106 164 160 96 90 162 164 98 82 168 170 104 66 150 182 99 92 128 176 132 94 116 164 124 112 124 136 140 122 134 124 108 136 140 128 114 106 153 154 92 110 158 168 94 102 144 160 130 70 142 170 124 108 114 164 144 88 102 151 168 136 86 114 152 160 98 82 162 166 108 81 160 150 132 84 140 168 99 85 168 180 101 60 150 88 80 164 186 128 54 132 196 126 66 112 214 136 84 76
